14 7
16 8
14 20
7 20
20 16
1 10
12 14
1 19
16 2
18 16
15 13
16 11
2 15
19 18
17 15
4 8
19 5
6 2
4 19
5 13
6 13
13 11
2 1
2 9
1 7
11 14
14 6
15 1
5 7
13 17
6 10
12 16
16 4
7 1
2 20
20 2
20 17
20 9
8 10
14 13
15 11
18 17
13 9
19 8
14 18
20 4
2 17
20 12
4 14
20 16
3 18
1 2
1 12
15 2
18 6
19 12
15 19
4 14
1 19
5 6
16 18
12 18
1 11
7 19
9 16
5 4
10 15
7 3
6 13
9 11
17 2
18 19
10 16
10 2
5 20
8 3
3 19
19 13
5 15
7 1
14 17
19 11
13 3
19 14
6 3
3 5
19 5
13 19
8 14
19 4
3 5
16 5
7 18
2 10
2 17
17 11
17 11
16 20
4 8
19 13